45231;2039540;14/09/1971;male;undefined;;;;;OCTOPUS 1-2-3;?;?;?;;;3.6.1;0;G;3;100;0;31.4;6;0;0;00:01:59;05/05/2014;10:56:00;4;59;69;0;3;0;4;0;;-2.0;-0.75;0;;;;80;80;282;-1;289;-80;80;291;-1;288;-80;-80;317;-1;289;80;-80;293;-1;290;-200;40;302;-1;282;-200;-40;312;-1;284;20;20;311;-1;311;-20;20;319;-1;311;-20;-20;335;-1;311;20;-20;312;-1;312;40;200;281;-1;266;-40;200;280;-1;264;-40;-200;305;-1;270;40;-200;297;-1;272;220;40;277;-1;284;220;-40;277;-1;285;200;200;270;-1;257;-200;200;278;-1;251;-200;-200;292;-1;255;200;-200;273;-1;261;40;40;303;-1;300;-40;40;311;-1;300;-40;-40;330;-1;301;40;-40;303;-1;300;260;80;275;-1;276;260;-80;275;-1;277;-260;40;301;-1;273;-260;-40;311;-1;274;120;120;277;-1;279;-120;120;287;-1;276;-120;-120;311;-1;278;120;-120;290;-1;281;80;260;284;-1;252;-80;260;273;-1;249;-80;-260;297;-1;258;80;-260;288;-1;261;40;140;277;-1;280;-40;140;276;-1;278;-40;-140;301;-1;282;40;-140;297;-1;284;-140;40;298;-1;291;-140;-40;303;-1;292;0;0;319;-1;323;120;200;279;-1;263;-120;200;279;-1;259;-120;-200;298;-1;265;120;-200;280;-1;268;200;120;273;-1;275;-200;120;291;-1;269;-200;-120;309;-1;272;200;-120;284;-1;277;80;20;300;-1;302;-80;20;300;-1;302;-80;-20;337;-1;303;80;-20;300;-1;303;20;80;300;-1;293;-20;80;300;-1;292;-30;-90;327;-1;292;30;-90;290;-1;293

45232;2039540;14/09/1971;male;undefined;;;;;OCTOPUS 1-2-3;?;?;?;;;3.6.1;0;G;3;100;0;31.4;6;0;0;00:02:00;22/04/2015;09:03:47;4;59;71;1;3;0;4;0;;-2;-0.50;177;;;;80;80;282;-1;289;-80;80;291;-1;288;-80;-80;290;-1;289;80;-80;293;-1;290;-200;40;254;-1;282;-200;-40;260;-1;284;20;20;311;-1;311;-20;20;319;-1;311;-20;-20;321;-1;311;20;-20;312;-1;312;40;200;258;-1;266;-40;200;257;-1;264;-40;-200;263;-1;270;40;-200;264;-1;272;220;40;277;-1;284;220;-40;277;-1;285;200;200;258;-1;257;-200;200;244;-1;251;-200;-200;253;-1;255;200;-200;258;-1;261;40;40;303;-1;300;-40;40;311;-1;300;-40;-40;312;-1;301;40;-40;303;-1;300;260;80;275;-1;276;260;-80;275;-1;277;-260;40;278;-1;273;-260;-40;206;-1;274;120;120;266;-1;279;-120;120;260;-1;276;-120;-120;294;-1;278;120;-120;276;-1;281;80;260;261;-1;252;-80;260;250;-1;249;-80;-260;266;-1;258;80;-260;257;-1;261;40;140;265;-1;280;-40;140;264;-1;278;-40;-140;229;-1;282;40;-140;284;-1;284;-140;40;288;-1;291;-140;-40;282;-1;292;0;0;319;-1;323;120;200;263;-1;263;-120;200;262;-1;259;-120;-200;298;-1;265;120;-200;263;-1;268;200;120;265;-1;275;-200;120;203;-1;269;-200;-120;278;-1;272;200;-120;274;-1;277;80;20;300;-1;302;-80;20;300;-1;302;-80;-20;316;-1;303;80;-20;300;-1;303;20;80;300;-1;293;-20;80;300;-1;292;-30;-90;286;-1;292;30;-90;290;-1;293

45233;2039540;14/09/1971;male;undefined;;;;;OCTOPUS 1-2-3;?;?;?;;;3.6.1;0;G;3;100;0;31.4;6;0;0;00:02:03;19/11/2014;09:39:49;4;59;71;1;3;0;4;0;;-2;-0.50;175;;;;80;80;282;-1;289;-80;80;291;-1;288;-80;-80;290;-1;289;80;-80;293;-1;290;-200;40;302;-1;282;-200;-40;291;-1;284;20;20;311;-1;311;-20;20;319;-1;311;-20;-20;321;-1;311;20;-20;312;-1;312;40;200;266;-1;266;-40;200;273;-1;264;-40;-200;272;-1;270;40;-200;280;-1;272;220;40;277;-1;284;220;-40;277;-1;285;200;200;258;-1;257;-200;200;278;-1;251;-200;-200;257;-1;255;200;-200;273;-1;261;40;40;303;-1;300;-40;40;311;-1;300;-40;-40;312;-1;301;40;-40;303;-1;300;260;80;275;-1;276;260;-80;275;-1;277;-260;40;301;-1;273;-260;-40;288;-1;274;120;120;266;-1;279;-120;120;287;-1;276;-120;-120;276;-1;278;120;-120;290;-1;281;80;260;269;-1;252;-80;260;266;-1;249;-80;-260;275;-1;258;80;-260;273;-1;261;40;140;265;-1;280;-40;140;276;-1;278;-40;-140;229;-1;282;40;-140;297;-1;284;-140;40;298;-1;291;-140;-40;303;-1;292;0;0;319;-1;323;120;200;263;-1;263;-120;200;279;-1;259;-120;-200;298;-1;265;120;-200;280;-1;268;200;120;265;-1;275;-200;120;291;-1;269;-200;-120;239;-1;272;200;-120;284;-1;277;80;20;300;-1;302;-80;20;300;-1;302;-80;-20;316;-1;303;80;-20;300;-1;303;20;80;300;-1;293;-20;80;300;-1;292;-30;-90;286;-1;292;30;-90;290;-1;293

45234;2039540;14/09/1971;male;undefined;;;;;OCTOPUS 1-2-3;?;?;?;;;3.6.1;0;G;3;100;0;31.4;6;0;0;00:02:00;04/11/2015;10:18:32;4;59;70;1;3;0;4;0;;-2;-0.50;171;;;;80;80;282;-1;288;-80;80;295;-1;287;-80;-80;304;-1;288;80;-80;282;-1;289;-200;40;294;-1;281;-200;-40;272;-1;283;20;20;311;-1;310;-20;20;320;-1;310;-20;-20;333;-1;310;20;-20;311;-1;311;40;200;261;-1;265;-40;200;259;-1;263;-40;-200;294;-1;269;40;-200;296;-1;271;220;40;276;-1;283;220;-40;277;-1;284;200;200;243;-1;256;-200;200;250;-1;250;-200;-200;267;-1;254;200;-200;273;-1;260;40;40;303;-1;299;-40;40;314;-1;299;-40;-40;326;-1;300;40;-40;303;-1;299;260;80;261;-1;275;260;-80;275;-1;276;-260;40;296;-1;272;-260;-40;269;-1;273;120;120;261;-1;278;-120;120;265;-1;275;-120;-120;282;-1;277;120;-120;290;-1;280;80;260;252;-1;251;-80;260;240;-1;248;-80;-260;297;-1;257;80;-260;288;-1;260;40;140;276;-1;279;-40;140;276;-1;277;-40;-140;291;-1;281;40;-140;297;-1;283;-140;40;290;-1;290;-140;-40;298;-1;291;0;0;319;-1;322;120;200;214;-1;262;-120;200;203;-1;258;-120;-200;298;-1;264;120;-200;280;-1;267;200;120;273;-1;274;-200;120;279;-1;268;-200;-120;223;-1;271;200;-120;284;-1;276;80;20;300;-1;301;-80;20;337;-1;301;-80;-20;300;-1;302;80;-20;300;-1;302;20;80;300;-1;292;-20;80;300;-1;291;-30;-90;316;-1;291;30;-90;290;-1;292

45235;2039540;14/09/1971;male;undefined;;;;;OCTOPUS 1-2-3;?;?;?;;;3.6.1;0;G;3;100;0;31.4;6;0;0;00:02:03;24/03/2017;09:21:38;4;59;70;1;3;0;4;0;;-2.00;-0.50;169;;;;80;80;294;-1;287;-80;80;302;-1;286;-80;-80;295;-1;287;80;-80;296;-1;288;-200;40;279;-1;280;-200;-40;284;-1;282;20;20;310;-1;309;-20;20;309;-1;309;-20;-20;321;-1;309;20;-20;333;-1;310;40;200;273;-1;264;-40;200;264;-1;262;-40;-200;294;-1;268;40;-200;305;-1;270;220;40;287;-1;282;220;-40;276;-1;283;200;200;272;-1;255;-200;200;237;-1;249;-200;-200;274;-1;253;200;-200;276;-1;259;40;40;313;-1;298;-40;40;303;-1;298;-40;-40;326;-1;299;40;-40;325;-1;298;260;80;286;-1;274;260;-80;275;-1;275;-260;40;267;-1;271;-260;-40;287;-1;272;120;120;282;-1;277;-120;120;265;-1;274;-120;-120;287;-1;276;120;-120;298;-1;279;80;260;266;-1;250;-80;260;258;-1;247;-80;-260;296;-1;256;80;-260;297;-1;259;40;140;276;-1;278;-40;140;264;-1;276;-40;-140;300;-1;280;40;-140;310;-1;282;-140;40;303;-1;289;-140;-40;284;-1;290;0;0;318;-1;321;120;200;269;-1;261;-120;200;262;-1;257;-120;-200;288;-1;263;120;-200;289;-1;266;200;120;280;-1;273;-200;120;221;-1;267;-200;-120;273;-1;270;200;-120;284;-1;275;80;20;327;-1;300;-80;20;327;-1;300;-80;-20;290;-1;301;80;-20;300;-1;301;20;80;290;-1;291;-20;80;290;-1;290;-30;-90;316;-1;290;30;-90;327;-1;291

45236;2039540;14/09/1971;not specified;undefined;;;;;OCTOPUS 1-2-3;?;?;?;;;3.6.1;0;G;3;100;0;31.4;6;0;0;00:02:01;28/12/2017;09:37:53;4;59;69;0;3;0;4;0;;-2.0;-0.50;175;;;;80;80;280;-1;287;-80;80;315;-1;286;-80;-80;316;-1;287;80;-80;309;-1;288;-200;40;310;-1;280;-200;-40;289;-1;282;20;20;315;-1;309;-20;20;321;-1;309;-20;-20;336;-1;309;20;-20;331;-1;310;40;200;290;-1;264;-40;200;289;-1;262;-40;-200;284;-1;268;40;-200;288;-1;270;220;40;279;-1;282;220;-40;272;-1;283;200;200;289;-1;255;-200;200;276;-1;249;-200;-200;267;-1;253;200;-200;262;-1;259;40;40;313;-1;298;-40;40;329;-1;298;-40;-40;340;-1;299;40;-40;327;-1;298;260;80;282;-1;274;260;-80;295;-1;275;-260;40;300;-1;271;-260;-40;289;-1;272;120;120;280;-1;277;-120;120;299;-1;274;-120;-120;282;-1;276;120;-120;286;-1;279;80;260;282;-1;250;-80;260;282;-1;247;-80;-260;287;-1;256;80;-260;279;-1;259;40;140;299;-1;278;-40;140;299;-1;276;-40;-140;300;-1;280;40;-140;297;-1;282;-140;40;311;-1;289;-140;-40;311;-1;290;0;0;337;-1;321;120;200;286;-1;261;-120;200;286;-1;257;-120;-200;297;-1;263;120;-200;272;-1;266;200;120;298;-1;273;-200;120;297;-1;267;-200;-120;230;-1;270;200;-120;281;-1;275;80;20;286;-1;300;-80;20;327;-1;300;-80;-20;327;-1;301;80;-20;327;-1;301;20;80;306;-1;291;-20;80;327;-1;290;-30;-90;316;-1;290;30;-90;316;-1;291

